0.0 1.0
0.1 1.0
0.2 0.99
0.30000000000000004 0.9701
0.4 0.940499
0.5 0.90149301
0.6000000000000001 0.8534720899000001
0.7000000000000001 0.7969164489010001
0.8 0.73239164341299
0.9 0.66054292149085
1.0 0.5820887703538016
1.1 0.4978137315132152
1.2000000000000002 0.4085605553574966
1.3 0.31522177364820303
1.4000000000000001 0.21873077420242748
1.5 0.12005246701462763
1.6 0.020173635156681496
1.7000000000000002 -0.07990693305283145
1.8 -0.17918843193181608
1.9000000000000001 -0.27667804649148253
2.0 -0.3714008805862341
2.1 -0.4624097058751233
2.2 -0.5487944341052613
2.3000000000000003 -0.6296912179943466
2.4000000000000004 -0.7042910897034884
2.5 -0.7718480505155954
2.6 -0.8316865308225463
2.7 -0.8832081458212717
2.8000000000000003 -0.9258976793617844
2.9000000000000004 -0.9593282361086792
3.0 -0.9831655104944874
3.1 -0.9971711297753507
3.2 -1.0012050377584605
3.3000000000000003 -0.9952268953639856
3.4000000000000004 -0.9792964840158709
3.5 -0.9535731078275975
3.6 -0.9183140005610482
3.7 -0.8738717532888884
3.8000000000000003 -0.8206907884838399
3.9000000000000004 -0.759302915793953
4.0 -0.6903220139461266
4.1000000000000005 -0.6144378919588389
4.2 -0.5324093910519629
4.3 -0.4450567962345673
4.4 -0.35325363345482597
4.5 -0.25791793434053634
4.6000000000000005 -0.16000305588284136
4.7 -0.06048814686631798
4.800000000000001 0.039631643618868576
4.9 0.13935511766786646
5.0 0.2376850405401857
5.1000000000000005 0.33363811300710305
5.2 0.42625480434394936
5.300000000000001 0.5146089476373561
5.4 0.5978170014543893
5.5 0.6750468852568787
5.6000000000000005 0.7455263002067993
5.7 0.808550452154652
5.800000000000001 0.8634890995809583
5.9 0.909792856011455
6.0 0.9469986838818372
6.1000000000000005 0.974734524913401
6.2 0.9927230206958306
6.300000000000001 1.000784286271302
6.4 0.9988377089840601
6.5 0.9869027546069777
6.6000000000000005 0.9650987726838256
6.7 0.9336438030338352
6.800000000000001 0.8928523953535064
6.9 0.8431324637196425
7.0 0.784981207448582
7.1000000000000005 0.7189801391030357
7.2 0.6457892693664591
7.300000000000001 0.5661405069362178
7.4 0.48083033943661424
7.5 0.3907118685426446
7.6000000000000005 0.2966862789632485
7.7 0.19969382659421986
7.800000000000001 0.100704435959249
7.9 0.0007080009646856511
8.0 -0.09929551403952455
8.1 -0.1983060739033395
8.200000000000001 -0.29533357302812113
8.3 -0.3894077364226215
8.4 -0.47958782245289566
8.5 -0.5649720302586408
8.6 -0.6447065177617995
8.700000000000001 -0.7179939400873402
8.8 -0.7841014230120075
8.9 -0.8423678917065546
9.0 -0.8922106814840361
9.1 -0.9331313644466773
9.200000000000001 -0.9647207337648517
9.3 -0.9866628957453775
9.4 -0.9987384287684494
9.5 -1.0008265775038367
9.600000000000001 -0.9929064604641856
9.700000000000001 -0.9750572788198926
9.8 -0.9474575243874005
9.9 -0.9103831947110343
