0.20001 6.822356126139639e-07
0.30001 2.820337697734501e-07
0.40001 5.040449331972719e-07
0.5000100000000001 1.8326734690718966e-07
0.60001 9.747246386231987e-07
0.70001 7.858531866030132e-07
0.8000100000000001 2.4529439277971277e-07
0.9000100000000001 1.4360915193490093e-06
1.00001 0.011998181561010466
1.10001 1.0993942804626744e-06
1.20001 3.233199354609618e-07
1.30001 2.855708836266538e-07
1.4000100000000002 1.9173896316881673e-07
1.50001 1.469561542276802e-08
1.6000100000000002 7.808820693794376e-08
1.70001 9.208633255768249e-08
1.80001 1.1712783331299362e-07
1.9000100000000002 4.828378180416084e-08
2.00001 1.8797964703348517e-08
2.10001 3.649889040825502e-08
2.20001 6.01003205613185e-08
2.30001 4.387539111390938e-08
2.40001 6.73649273493394e-09
